id,Class_1,Class_2,Class_3,Class_4,Class_5,Class_6,Class_7,Class_8,Class_9
1194,0.4922801377373629,0.009079427642603046,0.007172623723758864,0.025340264407649856,0.02998812998719593,0.22615794737715667,0.07481946092198097,0.03225729938289811,0.10290470881939365
8710,0.0,0.0,0.0,0.0,1.0,0.0,0.0,0.0,0.0
4563,0.009182461103253183,0.3694426730326556,0.4917652605596694,0.0022543792840822546,0.012477423566532477,0.019046023283647046,0.03530169539255154,0.034964639321074964,0.025565444456533564
10104,0.017142857142857144,0.0,0.011428571428571429,0.0,0.0,0.8057142857142857,0.005714285714285714,0.12,0.04
8368,0.022857142857142857,0.0,0.0,1.2328556017876406e-05,0.9771243643088303,0.0,6.164278008938203e-06,0.0,0.0
9194,0.0,0.0,0.0,0.023392857142857142,0.9651785714285714,0.0,0.005714285714285714,0.0,0.005714285714285714
12671,0.04947161268422002,0.021155397161007564,0.011316299276760151,0.02457239493366341,0.011151473157549711,0.014701873965438525,0.7103675139125853,0.06809523961101568,0.08916819529775934
1819,0.24186581029908005,0.05851471896391521,0.007724286629768651,0.014217523421024449,0.40262523622157614,0.0385334740746098,0.1201949330679984,0.0367393111432154,0.07958470617881198
9728,0.0,0.0,0.0,0.0,0.0,0.9657142857142857,0.0,0.02857142857142857,0.005714285714285714
4755,0.006892570028373934,0.289301018163079,0.3709642448358309,0.29346373577386486,0.0062829308859782005,0.00014999660567097613,0.0265056798266917,0.00014123795063733624,0.006298585929873119
9206,0.005714285714285714,0.005714285714285714,0.005714285714285714,0.011428571428571429,0.9314285714285714,0.005714285714285714,0.005714285714285714,0.0,0.02857142857142857
7611,0.017142857142857144,0.011659289067739772,0.005714285714285714,0.9026264252179745,0.005714285714285714,0.005714285714285714,0.04,0.005714285714285714,0.005714285714285714
13781,0.14759599950611188,0.006960757181601816,0.0293823417961349,0.023576686776996734,0.006420545746388444,0.07467537499308131,0.08306534225170413,0.5356014152449642,0.09272153650301655
10420,0.005714285714285714,0.0,0.0,0.0,0.0,0.96,0.022857142857142857,0.011428571428571429,0.0
12637,0.07799002379510431,0.34178698883524994,0.06773206371933245,0.023769581784093684,0.08468282705732706,0.045780755280786026,0.2658745360301573,0.030062346653270917,0.06232087684467826
5659,0.04115647962314457,0.3200408182867098,0.2440350828464581,0.2836308617552585,0.0010382378179939905,0.013197406054991711,0.06002625593798434,0.010814650255733782,0.026060207421725254
11543,0.0,0.022857142857142857,0.05714285714285714,0.017142857142857144,0.0,0.8628571428571429,0.03428571428571429,0.0,0.005714285714285714
12667,0.31130039790736486,0.008794780277916919,0.0027488847978409925,0.0076053743111639946,0.00448104667701874,0.03301889249193152,0.33592669956625354,0.2521508564940886,0.04397306747642081
812,0.6107058801795644,0.005714285714285714,0.0,0.0,0.0,0.045714285714285714,0.10868686868686869,0.12598769651401232,0.1031909831909832
9044,0.0,0.0,0.0,1.2328556017876406e-05,0.9998812565394067,0.0,6.164278008938203e-06,0.0,0.00010025062656641603
11126,0.0569187675070028,0.0,0.011428571428571429,0.06291316526610644,0.0,0.7886274509803921,0.034397759103641457,0.005714285714285714,0.04
15248,0.12546153846153846,0.0,0.011500000000000002,0.0,0.0,0.010285714285714285,0.03435714285714286,0.7646813186813187,0.05371428571428571
499,0.33863945578231297,0.011428571428571429,0.03428571428571429,0.011428571428571429,0.0,0.07428571428571429,0.24571428571428572,0.24802721088435375,0.03619047619047619
159,0.2857142857142857,0.02857142857142857,0.02857142857142857,0.02857142857142857,0.005714285714285714,0.05142857142857143,0.2,0.32,0.05142857142857143
10186,0.005714285714285714,0.005714285714285714,0.0,0.005714285714285714,0.0,0.9714285714285714,0.005714285714285714,0.0,0.005714285714285714
14835,0.06285714285714286,0.005714285714285714,0.0,0.005714285714285714,0.0,0.005714285714285714,0.005714285714285714,0.8628571428571429,0.05142857142857143
3514,0.0002586466165413534,0.09788163083390608,0.340684289594974,0.48330146433889637,0.0013410264269787177,0.0009181798769903473,0.06355044176108941,0.0003358784749204121,0.01172844207570319
8679,0.0,0.0,0.0,1.2328556017876406e-05,0.9999815071659731,0.0,6.164278008938203e-06,0.0,0.0
6839,0.018674080410607356,0.12675443830226701,0.3045325435563447,0.3977741995001593,0.005860547811939146,0.013333333333333334,0.11585956538303945,0.017142857142857144,6.843455945252354e-05
6203,0.0,0.018,0.007904761904761904,0.9489783549783549,9.523809523809524e-05,0.011428571428571429,0.007619047619047619,0.00025974025974025974,0.005714285714285714
15062,0.24571428571428572,0.017142857142857144,0.01396825396825397,0.008888888888888889,0.0,0.017142857142857144,0.05714285714285714,0.5942857142857143,0.045714285714285714
15486,0.04,0.10183673469387754,0.0746938775510204,0.09204081632653062,0.0,0.005714285714285714,0.011428571428571429,0.005714285714285714,0.6685714285714286
13121,0.015787510901796614,0.00854327885000154,0.17635165861216281,0.44448316681598415,0.0062600732600732595,0.0409025641025641,0.2733642418910884,0.020233333333333336,0.014074172232995763
6798,0.07480592236894758,0.2400848063430991,0.30414690834416624,0.23410892382144044,0.0,0.011428571428571429,0.08966523050556664,0.0,0.045759637188208614
16885,0.7898925834114963,0.012101487554587974,5.930989034566784e-05,0.00584708745335326,0.0009524520662667717,0.014547236708842998,0.020585814174142847,0.03446258834996621,0.12155144039099769
10780,0.017142857142857144,0.011428571428571429,0.0,0.017142857142857144,0.005714285714285714,0.9028571428571428,0.0,0.03428571428571429,0.011428571428571429
15536,0.2,0.03428571428571429,0.022857142857142857,0.08,0.005714285714285714,0.005714285714285714,0.045714285714285714,0.10857142857142857,0.49714285714285716
15853,0.17512895677956222,0.0006852504781440135,0.0,0.0011433864884536492,0.0005491960563753061,0.018622378085092303,0.01782685987780939,0.05837416793489049,0.7276698042996727
5981,0.00042886582116821384,0.0686768538101722,0.7953171783325385,0.11170859516941548,0.00011111111111111112,0.0,0.023047841452680344,0.0002023217247097844,0.0005072325782040116
10218,0.08255925611295742,0.01653986903617131,0.008258690046261546,0.012007842108127272,0.02817269697151308,0.6771773002605018,0.12303075092509157,0.028299898429228663,0.02395369611014741
11119,0.0,0.0,0.005714285714285714,0.0,0.0,0.9828571428571429,0.0,0.005714285714285714,0.005714285714285714
8490,0.0,0.0,0.0,0.005726614270303591,0.982838650023116,0.0,0.011434735706580369,0.0,0.0
11472,0.011428571428571429,0.022857142857142857,0.02857142857142857,0.022857142857142857,0.011428571428571429,0.8742857142857143,0.005714285714285714,0.017142857142857144,0.005714285714285714
7239,0.005714285714285714,0.04,0.02857142857142857,0.92,0.0,0.005714285714285714,0.0,0.0,0.0
1362,0.09747899159663866,0.0003361344537815126,0.0,0.0003361344537815126,0.0,0.8742857142857143,0.016134453781512605,0.011428571428571429,0.0
2332,0.0060263424518743666,0.3964658931270768,0.30703099308463155,0.26598697541805,0.005714285714285714,0.0,0.005714285714285714,0.011428571428571429,0.0016326530612244896
8164,0.0,0.0,0.0,1.2328556017876406e-05,0.9999815071659731,0.0,6.164278008938203e-06,0.0,0.0
13718,0.10335262989967268,0.11303107875846728,0.08084569810939236,0.04682806959494856,0.02368415731473056,0.016296269335759783,0.03481809909835388,0.3973304988005624,0.18381349908811237
9310,0.0,0.0,0.0,1.2328556017876406e-05,0.9999815071659731,0.0,6.164278008938203e-06,0.0,0.0
1785,0.19242019568031496,0.09722814498933902,0.06426111202230606,0.0915138592750533,0.30541246383610915,0.03498400852878465,0.07239144461511329,0.030819208240721364,0.11096956281225821
11210,0.19935364736148073,0.04788037551434382,0.018005498151483553,0.01744430751730022,0.002384119945095555,0.1545871800740948,0.19640063752045234,0.06117517400408624,0.30276905991166275
10932,0.05142857142857143,0.04,0.022857142857142857,0.14285714285714285,0.022857142857142857,0.45714285714285713,0.2,0.02857142857142857,0.03428571428571429
11251,0.02857142857142857,0.0,0.0,0.005714285714285714,0.0,0.9142857142857143,0.011428571428571429,0.022857142857142857,0.017142857142857144
12452,0.023022908622908622,0.011428571428571429,0.011428571428571429,0.0,0.005714285714285714,0.01148005148005148,0.9369256113256113,0.0,0.0
14533,0.1093149669479457,0.11428571428571428,0.1088145896656535,0.022978723404255316,0.0,0.12571428571428572,0.13137158054711245,0.3360915680064616,0.05142857142857143
6676,0.024260347839295204,0.17261865619760358,0.23785286935286937,0.3909246922667976,0.005714285714285714,0.005714285714285714,0.13434343434343435,0.017142857142857144,0.011428571428571429
8479,0.0,0.0,0.0,1.2328556017876406e-05,0.9999815071659731,0.0,6.164278008938203e-06,0.0,0.0
1303,0.43674712510802327,0.02235929666856916,0.006635208538861089,0.012744125214145434,0.0073167647381100565,0.05367876226378625,0.10790515380058532,0.3109619336064217,0.041651630061497774
13131,0.0,0.24761904761904763,0.5009523809523809,0.0,0.0,0.005714285714285714,0.21714285714285714,0.02857142857142857,0.0
12539,0.19937884397879857,0.04933006322449937,0.015503834569176084,0.03618338308654385,0.19298786626050454,0.029962697254976297,0.3090736935435224,0.08805428918000138,0.07952532890197754
654,0.6584524714636983,0.06885841421568198,0.04506246795285776,0.0222485056899073,0.012692677184199854,0.0375732759740071,0.05993535941393139,0.032631313309332576,0.06254551479638383
5939,0.0015238095238095239,0.017142857142857144,0.03447619047619047,0.908952380952381,0.0,0.00038095238095238096,0.011809523809523808,0.013714285714285714,0.012
5225,0.02295677680159755,0.38331339892367494,0.39331075904239626,0.14990840300691854,0.002901914044757199,0.002704643107450518,0.022794662449613586,0.00826000006198153,0.01384944256161013
8141,0.017142857142857144,0.022857142857142857,0.0,1.2328556017876406e-05,0.8971243643088304,0.0,0.0057204499922946525,0.005714285714285714,0.05142857142857143
11934,0.3131692868534974,0.02883116883116883,0.011428571428571429,0.011428571428571429,0.0,0.09181818181818183,0.37157894736842106,0.057272727272727274,0.1144725449988608
12559,0.18285714285714286,0.0519047619047619,0.046190476190476185,0.02857142857142857,0.017142857142857144,0.1373015873015873,0.42714285714285716,0.06317460317460317,0.045714285714285714
9581,0.0,0.0,0.0,1.2328556017876406e-05,0.9999815071659731,0.0,6.164278008938203e-06,0.0,0.0
2667,0.0,0.4105494505494505,0.30901098901098906,0.07428571428571429,0.19428571428571428,0.0,0.011428571428571429,0.00043956043956043956,0.0
12532,0.03958779767576456,0.06914613823134122,0.17660320535228047,0.2674479849617292,0.01147113400100955,0.062152698652236646,0.3204997107835004,0.03091492785358719,0.022176402488550927
11778,0.05320259532760803,0.07734468939668163,0.03873399840689047,0.023921684507851912,0.001382030181820066,0.0030519629987403396,0.7738539115955245,0.0018738853613216937,0.026635242223561496
9462,0.0,0.0,0.0,3.830258199190238e-05,0.9999555331399992,0.0,6.164278008938203e-06,0.0,0.0
13396,0.14285714285714285,0.017142857142857144,0.017142857142857144,0.022857142857142857,0.0,0.4514285714285714,0.2571428571428571,0.011428571428571429,0.08
16558,0.05714285714285714,0.04,0.02857142857142857,0.04,0.0,0.05714285714285714,0.005714285714285714,0.045714285714285714,0.7257142857142858
11855,0.22447619047619047,0.04576190476190476,0.05719047619047619,0.018095238095238098,0.005714285714285714,0.06123809523809524,0.4235714285714286,0.07180952380952381,0.09214285714285714
11663,0.0,0.011428571428571429,0.22285714285714286,0.5771428571428572,0.0,0.005714285714285714,0.17714285714285713,0.005714285714285714,0.0
295,0.14183376322193036,0.053141219508204156,0.14543053392365476,0.05535459014008995,0.01046845479777446,0.07489977916010664,0.33032861849013884,0.12827495970508776,0.06026808105301294
12779,0.10857142857142857,0.0,0.0,0.005714285714285714,0.0,0.07428571428571429,0.29714285714285715,0.49142857142857144,0.022857142857142857
15563,0.2571428571428571,0.0,0.0,0.0,0.0,0.0,0.0,0.0,0.7428571428571429
2214,0.011904761904761902,0.5468646910819122,0.33290047525859656,0.022857142857142857,0.005870841487279844,0.005714285714285714,0.017380952380952382,0.050476190476190466,0.006030658838878016
14048,0.04700397581831055,0.006744730679156909,0.00662382223190458,0.006034529709710801,0.0003747072599531616,0.006007298077446763,0.04288873155056914,0.8717880289744568,0.012534175698491369
17341,0.0814165200222275,0.024097296757915564,0.0018949365557047592,0.011620173416036111,0.1412365064362898,0.00333836164644045,0.0379237152685152,0.014346117624295412,0.6841263722725752
7381,0.011428571428571429,0.0344803958888466,0.022857142857142857,0.8683767469682963,0.0,0.022857142857142857,0.022857142857142857,0.005714285714285714,0.011428571428571429
7100,0.0010821737735650845,0.6127767852029264,0.22634225821178566,0.1581141234865671,0.000342895281682467,4.0100250626566415e-05,0.0006973750895804379,0.00011857229280096794,0.00048571641046511683
16413,0.15428571428571428,0.05714285714285714,0.04,0.04,0.005714285714285714,0.07428571428571429,0.08,0.12,0.42857142857142855
5073,0.02857142857142857,0.35131161236424396,0.5398312447786132,0.0,0.0,0.011428571428571429,0.028857142857142856,0.04,0.0
335,0.5186267218671535,0.048193104804628926,0.012572466096523053,0.022368354917328526,0.029164990449991275,0.0729422836822267,0.0824291743815131,0.035453114702350255,0.17824978909828465
8826,0.0,0.0,0.0,1.2328556017876406e-05,0.9999815071659731,0.0,6.164278008938203e-06,0.0,0.0
15733,0.10285714285714286,0.08,0.06857142857142857,0.08,0.005714285714285714,0.04,0.017142857142857144,0.0,0.6057142857142858
8848,0.0,0.0,0.0,0.005752588296277617,0.9922066153910813,0.0,0.0020407963126409727,0.0,0.0
3679,0.013480370136034177,0.5157732170395786,0.28939202092180094,0.1466444269290217,0.0007527880917694126,0.006541479625358686,0.021795345087467385,0.0004931998056134405,0.005127152363355786
4809,0.0,0.23014133507284193,0.7110524026962383,0.0,0.011585127201565558,0.0,0.005714285714285714,0.02857142857142857,0.012935420743639922
13863,0.16386930686968695,0.019986823197435943,0.007894218230099724,0.02474077637180375,0.0016213754284902264,0.03214688104419769,0.09831673451021973,0.571198305741535,0.08022557860653103
6593,0.1524040970989426,0.3881562793717535,0.1548273657631923,0.15102751686018792,0.02212804879952482,0.002656807336986556,0.054518092589154736,0.014078936682756194,0.060202855497501415
11711,0.02857142857142857,0.05142857142857143,0.08,0.12,0.0,0.02857142857142857,0.5771428571428572,0.08571428571428572,0.02857142857142857
3479,0.011485714285714285,0.6225606761998962,0.23323873670545206,0.10980225144971424,0.0,0.005714285714285714,0.017198335644937588,0.0,0.0
13944,0.017142857142857144,0.02857142857142857,0.045714285714285714,0.09142857142857143,0.0,0.32571428571428573,0.08571428571428572,0.3485714285714286,0.05714285714285714
9282,0.0,0.0,0.0019047619047619048,0.0004761904761904762,0.9971428571428571,0.0,0.0004761904761904762,0.0,0.0
10573,0.017142857142857144,0.0,0.0,0.0,0.0,0.9314285714285714,0.005714285714285714,0.02857142857142857,0.017142857142857144
6953,0.0020350940931835593,0.4750951480570379,0.25560732222469923,0.22943041513441148,0.0013416941108174445,0.001145331087482893,0.033886471351569525,0.00012158054711246201,0.0013369433936856088
14057,0.05714285714285714,0.0,0.0,0.0,0.0,0.06857142857142857,0.18857142857142858,0.6628571428571428,0.022857142857142857
12442,0.3028571428571429,0.011428571428571429,0.011428571428571429,0.017142857142857144,0.0,0.045714285714285714,0.5428571428571428,0.04,0.02857142857142857
11575,0.10285714285714286,0.05714285714285714,0.03428571428571429,0.022857142857142857,0.0,0.10285714285714286,0.56,0.06285714285714286,0.05714285714285714
6585,0.0,0.26677144020001164,0.05943200186057329,0.620218326646898,0.04759183673469388,0.0,0.00019047619047619048,0.0,0.005795918367346938
10938,0.0,0.0,0.0,0.0,0.0,0.92,0.005714285714285714,0.07428571428571429,0.0
11138,0.0,0.0,0.0,0.0,0.0,0.9885714285714285,0.011428571428571429,0.0,0.0
1378,0.659565872591073,0.011868131868131867,0.005714285714285714,0.005714285714285714,0.0,0.0346757528556594,0.09214524208916734,0.08674524253746552,0.10357118662993163
11820,0.09043956043956043,0.06095238095238095,0.11460317460317461,0.08686202686202686,0.022857142857142857,0.005714285714285714,0.5238095238095238,0.024761904761904766,0.07
10782,0.045714285714285714,0.1593142857142857,0.057371428571428566,0.2747428571428571,0.005714285714285714,0.2342857142857143,0.05714285714285714,0.05904761904761904,0.10666666666666667
275,0.6514285714285715,0.04,0.0,0.005714285714285714,0.0,0.011428571428571429,0.06857142857142857,0.09714285714285714,0.12571428571428572
14443,0.11789844068298826,0.017443609022556393,0.00045112781954887213,0.009172932330827067,0.0,0.02857142857142857,0.08962406015037593,0.6943894218304382,0.04244897959183674
16507,0.2823195084485407,0.022857142857142857,0.011428571428571429,0.0,0.0,0.017142857142857144,0.022857142857142857,0.02857142857142857,0.6148233486943164
2158,0.005714285714285714,0.3884328564517244,0.4563881401617251,0.1323218605294077,0.005714285714285714,0.0,0.011428571428571429,0.0,0.0
4435,0.0,0.256921910054915,0.6148876137546089,0.017142857142857144,0.006,0.011428571428571429,0.08219047619047619,0.011428571428571429,0.0
9415,0.0,0.011428571428571429,0.0,1.2328556017876406e-05,0.9885529357374018,0.0,6.164278008938203e-06,0.0,0.0
4142,0.0006092698396689883,0.25125132008709755,0.513331297154374,0.21466027478614993,0.0004990168825005085,3.38123415046492e-05,0.01936504717086659,8.658008658008658e-05,0.0001633816512580013
11324,0.022857142857142857,0.0,0.0,0.005714285714285714,0.0,0.9028571428571428,0.02857142857142857,0.02857142857142857,0.011428571428571429
15640,0.022857142857142857,0.04,0.02857142857142857,0.05142857142857143,0.005714285714285714,0.005714285714285714,0.022857142857142857,0.017142857142857144,0.8057142857142857
4110,0.09873716621542708,0.28043212825821523,0.398209906035993,3.822264691829909e-05,0.028877209746774966,0.011925465838509317,0.11151499708021445,0.058282104369060894,0.011982799808886767
7862,0.0,0.0,0.0,1.2328556017876406e-05,0.9999815071659731,0.0,6.164278008938203e-06,0.0,0.0
632,0.21714285714285714,0.03428571428571429,0.02857142857142857,0.02857142857142857,0.0,0.09142857142857143,0.08571428571428572,0.08,0.4342857142857143
74,0.7288923033759351,0.0010530205356353952,0.0007575658690882663,0.00017451185377036178,0.0007619758757905812,0.03926641959941759,0.022296569075759904,0.016620350925780576,0.19017728288882238
8877,0.0,0.0,0.0,1.2328556017876406e-05,0.9999815071659731,0.0,6.164278008938203e-06,0.0,0.0
142,0.404477486732459,0.0691354446235218,0.02322531540676579,0.030755004208578088,0.02000339320607002,0.05749209046973186,0.07160786206963435,0.22607034548965457,0.09723305779358458
9823,0.011428571428571429,0.005714285714285714,0.011428571428571429,0.005714285714285714,0.0,0.8971428571428571,0.017142857142857144,0.04,0.011428571428571429
9165,0.0,0.0,0.0,0.0,0.9828571428571429,0.0,0.005714285714285714,0.0,0.011428571428571429
15793,0.17418052287022912,0.011015536624307713,0.014772822954436415,0.008580203048350474,0.00698860607673642,0.0075828581051802365,0.02127940539190893,0.31534154730367214,0.4402584976251786
16656,0.11435714285714285,0.10238220551378446,0.09171428571428572,0.023000000000000003,0.0,0.011428571428571429,0.02857142857142857,0.06857142857142857,0.5599749373433585
11572,0.0,0.0,0.0,0.0,0.0,1.0,0.0,0.0,0.0
10927,0.005714285714285714,0.0,0.0,0.0,0.005714285714285714,0.9885714285714285,0.0,0.0,0.0
12758,0.11588799582171758,0.06734246691176501,0.03840944905488032,0.06756590307329764,0.030149636515557684,0.04401298358926002,0.42277841098806157,0.15110051900717428,0.06275263503828597
3069,0.024333623693379786,0.411099123389193,0.40073857917150607,0.10332531386538353,0.005853658536585366,0.006610046457607433,0.03697050771528124,0.005057242409158786,0.006011904761904762
6390,0.0006655099469970456,0.33044142975004787,0.4736243906051973,0.17057076247005853,0.0006423190498147073,4.110996916752313e-05,0.023335585056399516,0.0001371649932801012,0.0005417281590372969
2618,0.015613971587920815,0.244200510231641,0.3447350225882624,0.2859139152483258,0.0007427688028161228,0.0013763896251267258,0.0759565981346083,0.029146387592989535,0.002314436188309324
10629,0.040952380952380955,0.007619047619047619,0.0,0.0,0.011428571428571429,0.8742857142857143,0.022857142857142857,0.024761904761904766,0.018095238095238095
10426,0.0,0.0,0.0,0.0,0.0,1.0,0.0,0.0,0.0
17359,0.13142857142857142,2.5062656641604008e-05,0.005714285714285714,0.017142857142857144,0.005714285714285714,0.03428571428571429,0.011428571428571429,0.045714285714285714,0.748546365914787
13837,0.12036030964109783,0.0,0.0,0.0,0.0,0.005714285714285714,0.005714285714285714,0.8396396903589023,0.02857142857142857
14078,0.09751235878966973,0.006273120100753479,0.017867457060343515,0.012438978692252094,0.0014169450726026845,0.02477125423812936,0.06077683166289771,0.7637351648850574,0.01520788949829403
14153,0.17399014176592364,0.050427924565855604,0.036489294364194125,0.03494107069087021,0.005845648604269294,0.01786764425096422,0.08477414099009153,0.4262003323490971,0.16946380241873424
5173,0.026530612244897955,0.40170686456400745,0.354025974025974,0.1434508348794063,0.0,0.005714285714285714,0.045714285714285714,0.005714285714285714,0.017142857142857144
17309,0.2236734693877551,0.02857142857142857,0.005714285714285714,0.0,0.0,0.02,0.05714285714285714,0.45204081632653065,0.21285714285714286
7537,0.022857142857142857,0.14473142857142857,0.13334857142857143,0.5960685714285714,0.0,0.011474285714285715,0.06294857142857142,0.005714285714285714,0.022857142857142857
12531,0.03428571428571429,0.011428571428571429,0.011428571428571429,0.0,0.0,0.06857142857142857,0.8514285714285714,0.005714285714285714,0.017142857142857144
3594,0.08113495572334524,0.42042420421631077,0.13538726538150436,0.08980092496555599,0.009943135582722756,0.030734028183938566,0.1678269123249505,0.01192467756615455,0.0528238960555172
8785,0.0,0.0,0.0,1.2328556017876406e-05,0.9999815071659731,0.0,6.164278008938203e-06,0.0,0.0
3725,0.011428571428571429,0.4813186813186813,0.1279120879120879,0.28791208791208794,0.04,0.005714285714285714,0.017142857142857144,0.005714285714285714,0.022857142857142857
1746,0.6378106935143264,0.0021746777812351585,0.0006456494325346784,0.006731301485399846,0.0007083408394883805,0.04217536925733647,0.02555441552982536,0.1836978226643789,0.10050172949547485
4194,0.0,0.4031125093715648,0.5949155018329171,0.0,0.0,0.0,0.0019719887955182073,0.0,0.0
6774,0.0,0.14285714285714285,0.0803116883116883,0.7482597402597402,0.0,0.005714285714285714,0.0,0.011428571428571429,0.011428571428571429
10440,0.0,0.0,0.0,0.0,0.0,0.9942857142857143,0.0,0.0,0.005714285714285714
6505,0.02295918367346939,0.06454599230996745,0.19529606625258802,0.6885252883762201,0.0,0.011530612244897959,0.017142857142857144,0.0,0.0
2476,0.0,0.5943498168498169,0.36565018315018316,0.0,0.0,0.005714285714285714,0.03428571428571429,0.0,0.0
6803,0.025624084348398888,0.04080711155232417,0.06449269594520005,0.12241104964259812,0.0061198156682027655,0.30602206395754783,0.31826185313050265,0.04581590920628311,0.07044541654894243
2742,0.023083028083028086,0.26470739577882435,0.3747187336473051,0.1674084249084249,0.00586080586080586,0.06285714285714286,0.04926129426129426,0.04634920634920635,0.0057539682539682535
8070,0.005714285714285714,0.0,0.0,1.2328556017876406e-05,0.9942672214516874,0.0,6.164278008938203e-06,0.0,0.0
12731,0.26857142857142857,0.03428571428571429,0.02857142857142857,0.011428571428571429,0.011428571428571429,0.022857142857142857,0.3657142857142857,0.21142857142857144,0.045714285714285714
8825,0.04,0.005714285714285714,0.0,0.0,0.92,0.017142857142857144,0.005714285714285714,0.005714285714285714,0.005714285714285714
2031,0.022857142857142857,0.4455172413793103,0.3200985221674877,0.0858128078817734,0.0,0.005714285714285714,0.09714285714285714,0.005714285714285714,0.017142857142857144
11371,0.16,0.0,0.0,0.005714285714285714,0.0,0.8057142857142857,0.017142857142857144,0.005714285714285714,0.005714285714285714
6785,0.005776397515527951,0.04211180124223603,0.1468944099378882,0.5749068322981367,0.0,0.05142857142857143,0.16745341614906833,0.005714285714285714,0.005714285714285714
7538,0.05714285714285714,0.17285714285714285,0.1757142857142857,0.28,0.05142857142857143,0.16,0.04,0.05714285714285714,0.005714285714285714
9895,0.0155,0.04014285714285715,0.05171428571428572,0.04607142857142857,0.005714285714285714,0.8002142857142857,0.023000000000000003,7.142857142857143e-05,0.01757142857142857
7263,0.015167533283812354,0.2647359012924518,0.04821257295880929,0.572592460735224,0.011428571428571429,0.006233766233766233,0.05276149413560813,0.017238095238095236,0.011629604693661632
9391,0.005714285714285714,0.08571428571428572,0.011428571428571429,0.0,0.8857142857142857,0.0,0.0,0.0,0.011428571428571429
5957,0.0,0.17714285714285713,0.26857142857142857,0.4857142857142857,0.0,0.005714285714285714,0.05142857142857143,0.0,0.011428571428571429
60,0.32704948765678477,0.05149612145795215,0.04030075187969925,0.03458646616541353,0.006007326007326007,0.08173859652970643,0.128448446928086,0.1775194646247723,0.15285333875025958
9981,0.005714285714285714,0.0,0.0,0.0,0.0,0.9942857142857143,0.0,0.0,0.0
9492,0.0,0.0,0.0,1.2328556017876406e-05,0.9999815071659731,0.0,6.164278008938203e-06,0.0,0.0
8031,0.0,0.0,0.0,1.2328556017876406e-05,0.9999815071659731,0.0,6.164278008938203e-06,0.0,0.0
8027,0.0,0.005714285714285714,0.0,0.00020280474649406687,0.9712196024040685,0.0,0.011434735706580369,0.0,0.011428571428571429
1013,0.4448236451629069,7.61904761904762e-05,0.006092230576441103,5.2910052910052905e-05,0.00019668218164458763,0.0019115516062884483,0.020014257866889446,0.008119018655595391,0.5187135134211336
5571,0.012002332361516035,0.23570267131242742,0.25141420272308446,0.47488506386049745,0.0,0.005714285714285714,0.019590321934752263,0.00013937282229965157,0.0005517492711370263
10048,0.0,0.011428571428571429,0.017142857142857144,0.011428571428571429,0.0,0.9428571428571428,0.005714285714285714,0.011428571428571429,0.0
15546,0.12045112781954888,0.0,0.0,0.0,0.0,0.02300751879699248,0.03428571428571429,0.01150375939849624,0.8107518796992482
15801,0.18285714285714286,0.0,0.011428571428571429,0.005714285714285714,0.0,0.03428571428571429,0.011428571428571429,0.017142857142857144,0.7371428571428571
3038,0.07885714285714286,0.4658571428571429,0.1901904761904762,0.11466666666666667,0.011428571428571429,0.017714285714285714,0.047,0.017142857142857144,0.05714285714285714
3998,0.007993984396910354,0.599329341425572,0.13080001971591934,0.16127362401667727,0.023332560847956287,0.007419416452919839,0.026459968526779447,0.0013937752169729104,0.04199730940029244
8867,0.0,0.0,0.0,1.2328556017876406e-05,0.9999815071659731,0.0,6.164278008938203e-06,0.0,0.0
9048,0.00025974025974025974,0.01922077922077922,0.006493506493506493,0.00025974025974025974,0.9566233766233766,0.0,0.0,0.0,0.017142857142857144
11202,0.0035077932271809827,0.0005856600882111087,0.005876831501831502,0.0008947260222770427,0.0010598415190251924,0.9777930402930403,0.008593247738655902,0.0007321802347312551,0.0009566793750467219
12332,0.14480679960771492,0.044651629072681706,0.05867042606516291,0.036125313283208026,0.0004799498746867168,0.05312914532708583,0.4083548000435872,0.09940463477534414,0.1543773019505285
11020,0.005714285714285714,0.0,0.0,0.0,0.0,0.9942857142857143,0.0,0.0,0.0
2185,0.011428571428571429,0.2342857142857143,0.4228571428571429,0.09142857142857143,0.13714285714285715,0.011428571428571429,0.06857142857142857,0.011428571428571429,0.011428571428571429
1647,0.8692192278651183,0.0,0.0,6.802721088435374e-05,0.02199767711962834,0.008215563298490127,0.035743755288231614,0.029425608292097328,0.03533014092554983
1624,0.05142857142857143,0.011428571428571429,0.005714285714285714,0.0,0.0,0.017142857142857144,0.12,0.7885714285714286,0.005714285714285714
2450,0.001051051051051051,0.9601996432522748,0.02538973560026191,0.007708053918580234,0.0019210187631240262,0.0016945516945516947,0.0011093047935153198,0.00023166023166023168,0.000694980694980695
16528,0.07428571428571429,0.01716791979949875,0.011428571428571429,0.017142857142857144,0.0,0.022857142857142857,0.011428571428571429,0.10285714285714286,0.7428320802005013
1952,0.01193915495000589,0.36343628124524757,0.19105548268597952,0.35389330854436507,0.009523809523809523,0.0,0.041580534479163836,0.011428571428571429,0.017142857142857144
3641,0.0010411869807964989,0.3333591358930367,0.5544844154778283,0.09511124797806468,0.0003997883597883598,0.0,0.0151818535576233,0.0002023217247097844,0.00022005002815237356
1797,0.5333884955261821,0.0361653088945441,0.024913681090151678,0.013368134154651008,0.004529249514275884,0.02684016766039322,0.04516194340970233,0.0555363189435469,0.26009670080655284
1884,0.6237584590152361,0.023045516761760483,0.016314967831012234,0.033574393530789066,0.021877167967481414,0.0629241020131064,0.07853006046428557,0.08957323171986602,0.05040210069646274
9333,0.0,0.0,0.0,3.830258199190238e-05,0.999825663010129,0.0,0.00013603440787906808,0.0,0.0
3256,0.011461794019933556,0.4741880046662653,0.13574514148432906,0.30983371285739075,0.017176274018379283,0.005714285714285714,0.017209690893901418,0.0057475083056478405,0.02292358803986711
7204,0.016439706790703574,0.372086732573922,0.14746351997114077,0.3704892895412824,0.011162131519274376,0.0023419430578080947,0.0212288763382767,0.013730699762639006,0.045057100444952994
3567,0.0058001330180068415,0.24808152239461798,0.39295011014127046,0.307066651726264,0.0037021144047080334,0.0017673487464437566,0.02431114972736059,0.00719635733294435,0.009124612508384089
7735,0.0,0.0,0.0,1.2328556017876406e-05,0.9999815071659731,0.0,6.164278008938203e-06,0.0,0.0
15305,0.21530630521114916,0.09656608410903833,0.06361546993866903,0.015298530856331411,0.006193816580972544,0.057008794248317854,0.06399609218886365,0.29215706793703816,0.18985783892961983
2573,0.01617182567352532,0.37749525318216853,0.1991322266109613,0.22076468705602775,0.0075448640457899275,0.00258856555060384,0.10724707336942708,0.013989600664267517,0.05506590384722856
2183,0.045714285714285714,0.2914285714285714,0.21714285714285714,0.1657142857142857,0.005714285714285714,0.045714285714285714,0.07428571428571429,0.011428571428571429,0.14285714285714285
9340,0.02857142857142857,0.005714285714285714,0.0,0.0,0.96,0.0,0.005714285714285714,0.0,0.0
12381,0.33703989703989706,0.022857142857142857,0.011428571428571429,0.0,0.0,0.04,0.2571428571428571,0.21714285714285714,0.1143886743886744
5002,0.006139565434271459,0.7288251100084756,0.17335062634767057,0.0616879292355471,0.0002631489245662474,5.9523809523809524e-05,0.011987862297765146,7.233273056057866e-05,0.017613901211619508
183,0.6228908403233218,0.005714285714285714,0.0,0.02857142857142857,0.005714285714285714,0.17785714285714285,0.034400288096623176,0.04021571447006987,0.08463601425284235
577,0.4877852670763751,0.01203413729128015,0.006404000967976124,0.02891230674087817,0.006467779839208411,0.08125858107370713,0.15602582209387272,0.1563945872805885,0.06471751763611364
5804,0.0002838952115651494,0.13156177812768122,0.6437007305525609,0.17378721247524082,0.00011111111111111112,0.0,0.050111498949823925,0.0002023217247097844,0.0002414518473070017
6575,0.005714285714285714,0.1688873982056591,0.10462998566650741,0.6749169018421192,0.0,0.00576,0.034377142857142856,0.005714285714285714,0.0
10705,0.06857142857142857,0.0,0.0,0.0,0.0,0.8857142857142857,0.017142857142857144,0.005714285714285714,0.022857142857142857
9656,0.003956043956043956,0.0059340659340659345,0.0059340659340659345,0.00021978021978021978,0.0,0.9773626373626374,0.005714285714285714,0.0008791208791208791,0.0
16778,0.10285714285714286,0.011453634085213034,0.02857142857142857,0.03428571428571429,0.0,0.13714285714285715,0.005714285714285714,0.09714285714285714,0.5828320802005013
9687,0.03314285714285714,0.00017582417582417585,0.0,0.005714285714285714,0.0,0.9432087912087913,0.011868131868131867,0.005714285714285714,0.00017582417582417585
7167,0.04772854698195437,0.2238526201176652,0.3325711296585314,0.3165795937505931,0.006737853438447514,4.5714285714285716e-05,0.05954351999557903,3.982080637132902e-05,0.012901200965143649
6148,0.002350203370897055,0.050005145612886645,0.1676869268701272,0.7544414941863663,0.001390980796921391,0.0005755826547905756,0.004038799811853841,0.018023806793255163,0.001487059902901487
11652,0.10197883597883597,0.00038095238095238096,0.011785714285714287,0.006285714285714286,0.0004973544973544974,0.02035714285714286,0.8281428571428572,0.01752380952380952,0.013047619047619047
15345,0.476573781350689,0.020473287654745962,0.012993576277029035,0.02041730245458282,0.017298787408733717,0.028583352815741044,0.06080661748247263,0.13317690520257025,0.2296763893534356
10139,0.005714285714285714,0.0,0.005714285714285714,0.0,0.0,0.96,0.011428571428571429,0.005714285714285714,0.011428571428571429
8482,0.0,0.0,0.0,0.022869471413160737,0.9771243643088303,0.0,6.164278008938203e-06,0.0,0.0
763,0.508772115269085,0.005909610555631649,7.918968692449355e-05,0.005714285714285714,0.011622766495249718,0.15021316630217418,0.06763271583751988,0.1456752403549202,0.10438090978420925
10444,0.1593162393162393,0.03541688470259899,0.011920460491889062,0.02898168498168498,0.0008791208791208791,0.4009659863945578,0.18012471655328796,0.05326268969126111,0.12913221698935984
9408,0.0,0.0,0.0,1.2328556017876406e-05,0.9999815071659731,0.0,6.164278008938203e-06,0.0,0.0
16370,0.07056237879767292,0.011453634085213034,0.02857142857142857,0.011428571428571429,5.6022408963585436e-05,0.00011204481792717087,0.01764705882352941,0.0118552036199095,0.8483136574467844
3341,0.0007017919958553062,0.8660067816404993,0.08989107628634246,0.0403698861037103,0.0003841232243525104,4.0100250626566415e-05,0.0013450967415053776,0.00019090502336154661,0.0010702387337465013
6434,0.003593331253243188,0.15061606699980015,0.18329889942911873,0.517080812017373,0.0008099528887596557,0.00037502464072096154,0.14293724038976222,0.0003876416353257039,0.0009010307458963572
7433,0.00993126914037537,0.4066377298920602,0.3023798460814869,0.23018076148271965,0.0010194354537628463,0.0,0.035897112670626556,9.89010989010989e-05,0.013854944180067334
8833,0.0,0.0,0.0,1.2328556017876406e-05,0.9999815071659731,0.0,6.164278008938203e-06,0.0,0.0
9030,0.022857142857142857,0.0,0.0,1.2328556017876406e-05,0.9714100785945446,0.0,6.164278008938203e-06,0.005714285714285714,0.0
12146,0.0,0.1390447858777378,0.5733438502866421,0.15479018044235432,0.0,0.005714285714285714,0.12705720823798627,0.0,4.968944099378882e-05
11372,0.0,0.0,0.0,0.0,0.0,1.0,0.0,0.0,0.0
4919,0.0021022455805064497,0.5000355090044531,0.38260652528975503,0.005752508361204014,0.03744863831820353,0.01763975155279503,0.030022933588150977,0.023837659924616443,0.0005542283803153369
127,0.9485714285714286,0.0,0.0,0.0,0.0,0.0,0.011428571428571429,0.017142857142857144,0.022857142857142857
51,0.28328465232108296,0.030038399927698484,0.023284054145454293,0.017947868428239682,0.008709014947196418,0.10967216485503964,0.03495183102161579,0.15272231169423117,0.33938970265944146
2043,0.0,0.27679551820728293,0.6069467787114846,0.03428571428571429,0.0,0.005714285714285714,0.03054341736694678,0.04,0.005714285714285714
6810,0.0021746034838228036,0.2562728684858906,0.545534312556393,0.17532639781463338,0.000801741817806601,0.00020438491836147888,0.018359265314177652,0.0002653795613418487,0.0010610460475725873
15816,0.4611733253537715,0.0017454528981403882,0.003519475381297638,0.0,0.0006427913285623599,0.019166164783565077,0.05115876575961537,0.11435117640152716,0.34824284809352046
7753,0.017142857142857144,0.0,0.005714285714285714,0.005714285714285714,0.9371428571428572,0.0,0.02857142857142857,0.005714285714285714,0.0
4001,3.686635944700461e-05,0.6292869252950337,0.2298603786978396,0.12283764660999148,0.0002380952380952381,0.005714285714285714,0.0003889514807147128,3.686635944700461e-05,0.011599984245145535
1483,0.6114285714285714,0.005714285714285714,0.011428571428571429,0.011428571428571429,0.0,0.07428571428571429,0.10857142857142857,0.15428571428571428,0.022857142857142857
17330,0.13901741270108364,0.11175874054721689,0.04060331585359394,0.057339901477832515,0.006072007238600257,0.020441593083714623,0.066656391026855,0.024966124840760336,0.5331445132303427
2049,0.005714285714285714,0.6921428561038176,0.11883931644712413,0.14804677236035602,0.0,0.005714285714285714,0.012175536881419233,0.0,0.017366946778711485
1861,0.5517286339687828,0.030185763724055827,0.022004658010147487,0.018469135606772782,0.04677604219986101,0.047887325204142024,0.09598878821761812,0.10453709903785514,0.08242255403076476
16930,0.03428571428571429,2.5062656641604008e-05,0.0,0.0,0.0,0.005714285714285714,0.0,0.005714285714285714,0.9542606516290727
2055,0.022857142857142857,0.19335907335907337,0.1440954720954721,0.5539740259740259,0.011428571428571429,0.02857142857142857,0.04,0.005714285714285714,0.0
13641,0.005714285714285714,0.0,0.0,0.0,0.0,0.0,0.005714285714285714,0.9828571428571429,0.005714285714285714
14983,0.1132296023547759,0.001561668145519077,0.006032208931003232,0.0006437041219649915,0.0018492614437079181,0.006976040692957025,0.023887564511970796,0.8130018223890345,0.0328181274090664
14526,0.14,0.02,0.045714285714285714,0.005714285714285714,0.005714285714285714,0.09142857142857143,0.2,0.45714285714285713,0.03428571428571429
10414,0.005714285714285714,0.0,0.0,0.0,0.0,0.9485714285714286,0.04,0.005714285714285714,0.0
4433,0.011428571428571429,0.29714285714285715,0.32,0.18285714285714286,0.017142857142857144,0.06857142857142857,0.04,0.04,0.022857142857142857
11610,0.09142857142857143,0.03428571428571429,0.017142857142857144,0.05142857142857143,0.005714285714285714,0.022857142857142857,0.5657142857142857,0.18857142857142858,0.022857142857142857
10864,0.09142857142857143,0.0,0.005714285714285714,0.017142857142857144,0.005714285714285714,0.76,0.07428571428571429,0.02857142857142857,0.017142857142857144
3639,0.007450738916256158,0.7354049648677599,0.1556712837475088,0.06610742373174315,0.0009447469247832225,0.0018596059113300493,0.03137896989076663,0.0009852216748768474,0.00019704433497536944
15866,0.07546288737717309,0.034545697577276525,0.05158730158730159,0.06306878306878308,0.00028783068783068785,0.040634920634920635,0.024761904761904766,0.068994708994709,0.6406559653101007
14405,0.08062337662337662,0.0,0.0,0.0,0.011428571428571429,0.02857142857142857,0.017142857142857144,0.7992727272727272,0.06296103896103897
11374,0.006907894736842105,8.928571428571429e-05,0.00018953634085213032,0.00017857142857142857,0.0005576441102756892,0.9827631578947369,0.007363721804511278,0.0014927944862155387,0.00045739348370927316
4957,0.011428571428571429,0.08571428571428572,0.8571428571428571,0.005714285714285714,0.011428571428571429,0.0,0.011428571428571429,0.005714285714285714,0.011428571428571429
9271,0.0,0.0,0.0,0.005726614270303591,0.9942672214516874,0.0,6.164278008938203e-06,0.0,0.0
10742,0.012038818847208484,0.018163164589139785,0.07165649320675314,0.05415513379309408,0.009715232483838892,0.6337646502383963,0.178281953925512,0.01627895028013802,0.005945602635919349
9806,0.06602280348759222,0.005714285714285714,8.048289738430584e-05,0.005714285714285714,0.010285714285714285,0.8971428571428571,0.007179074446680081,0.00579476861167002,0.0020657276995305163
7261,0.011428571428571429,0.12714285714285714,0.24857142857142858,0.4471428571428571,0.011428571428571429,0.05714285714285714,0.08,0.005714285714285714,0.011428571428571429
11944,0.030847314667106735,0.10476135467664156,0.13332398188385866,0.06404312668463612,0.0003498542274052478,0.07466887923183649,0.5488767258925134,0.019481697440881116,0.023647065295120742
791,0.5581904761904762,0.0057619047619047615,0.01719047619047619,0.02857142857142857,0.0065306122448979586,0.035333333333333335,0.13576190476190475,0.11466666666666667,0.09799319727891158
